
                    2458271.24041958     2458271.26592088          2203.312
                    2458271.66873386     2458271.69186768          1998.762
                    2458272.08347701     2458272.10431846          1800.701
                    2458272.48535424     2458272.50395875          1607.429
                    2458272.87506097     2458272.89145640          1416.565
                    2458273.25321940     2458273.26746006          1230.393
                    2458273.62043791     2458273.63254072          1045.683
                    2458273.97730103     2458273.98723127           857.972
                    2458274.32435025     2458274.33201698           662.406
                    2458274.66215537     2458274.66727062           441.957
                    2458278.58500913     2458278.58838429           291.614
                    2458278.81831006     2458278.82351612           449.803
                    2458279.04674131     2458279.05338859           574.325
                    2458279.27036813     2458279.27823719           679.887
                    2458279.48929106     2458279.49824697           773.791
                    2458279.70362227     2458279.71357457           859.879
                    2458279.91350452     2458279.92436071           937.975
                    2458280.11904232     2458280.13074591          1011.190
                    2458280.32036200     2458280.33285080          1079.033
                    2458280.51757706     2458280.53080135          1142.578
                    2458280.71079359     2458280.72471229          1202.576
                    2458280.90013151     2458280.91469551          1258.329
                    2458281.08568302     2458281.10086113          1311.388
                    2458281.26755355     2458281.28330705          1361.102
                    2458281.44583833     2458281.46213276          1407.839
                    2458281.62062635     2458281.63743423          1452.201
                    2458281.79201674     2458281.80929754          1493.061
                    2458281.96008986     2458281.97782216          1532.070
                    2458282.12493552     2458282.14309088          1568.623
                    2458282.28663514     2458282.30518664          1602.850
                    2458282.44526839     2458282.46419185          1634.986
                    2458282.60090876     2458282.62018403          1665.384
                    2458282.75363228     2458282.77323324          1693.523
                    2458282.90351005     2458282.92341726          1719.983
                    2458283.05060859     2458283.07080480          1744.952
                    2458283.19499686     2458283.21546156          1768.150
                    2458283.33673747     2458283.35745171          1789.710
                    2458283.47588988     2458283.49683777          1809.898
                    2458283.61251079     2458283.63367877          1828.913
                    2458283.74666157     2458283.76803094          1846.313
                    2458283.87839722     2458283.89995429          1862.530
                    2458284.00776748     2458284.02950110          1877.784
                    2458284.13482629     2458284.15672183          1891.775
                    2458284.25962180     2458284.28166699          1904.705
                    2458284.38220118     2458284.40438446          1916.635
                    2458284.50260680     2458284.52491784          1927.675
                    2458284.62087757     2458284.64330771          1937.964
                    2458284.73705827     2458284.75959538          1947.206
                    2458284.85118816     2458284.87382337          1955.682
                    2458284.96330111     2458284.98602755          1963.565
                    2458285.07343418     2458285.09624351          1970.726
                    2458285.18162152     2458285.20450587          1977.208
                    2458285.28789466     2458285.31084640          1983.030
                    2458285.39228089     2458285.41529391          1988.325
                    2458285.49480600     2458285.51787458          1993.125
                    2458285.59549129     2458285.61861089          1997.533
                    2458285.69436027     2458285.71752486          2001.421
                    2458285.79143521     2458285.81463915          2004.820
                    2458285.88673132     2458285.90997155          2007.956
                    2458285.98026478     2458286.00353813          2010.817
                    2458286.07204929     2458286.09535222          2013.372
                    2458286.16209485     2458286.18542476          2015.705
                    2458286.25040677     2458286.27376146          2017.845
                    2458286.33698434     2458286.36036278          2019.897
                    2458286.42181868     2458286.44522094          2021.955
                    2458286.50489588     2458286.52832335          2024.133
                    2458286.58619128     2458286.60964702          2026.576
                    2458286.66567143     2458286.68915986          2029.400
                    2458286.74328896     2458286.76681744          2032.861
                    2458286.81897214     2458286.84255438          2037.506
                    2458286.89261131     2458286.91627123          2044.217
                    2458286.96402903     2458286.98781262          2054.903
                    2458287.03289305     2458287.05691491          2075.488
                    2458287.09825536     2458287.12335026          2168.200

Global Statistics
-----------------
Min Duration        2458278.58500913     2458278.58838429           291.614
Max Duration        2458271.24041958     2458271.26592088          2203.312
Mean Duration                                                      1627.833
Total Duration                                                   120459.646
